<?xml version="1.0"?>
<opencv_storage>
<calibration_time>"Thu Nov 30 15:58:57 2023"</calibration_time>
<camera_matrix type_id="opencv-matrix">
  <rows>3</rows>
  <cols>3</cols>
  <dt>d</dt>
  <data>
    -1.5926459934911697e+03 6.3206002953293838e-01
    8.4404677993669873e+02 0. -1.3325540650178916e+03
    -2.8618679874014487e+02 0. 0. 1.</data></camera_matrix>
<distortion_coefficients type_id="opencv-matrix">
  <rows>4</rows>
  <cols>1</cols>
  <dt>d</dt>
  <data>
    -3.3284272082493777e-01 8.3293253891185182e-01
    3.8699554950280324e-01 -5.7181114628610408e-01</data></distortion_coefficients>
<rvecs type_id="opencv-matrix">
  <rows>8</rows>
  <cols>1</cols>
  <dt>"3d"</dt>
  <data>
    -2.3539218162397446e-01 -2.7956610287196576e-01
    -1.6389609040478155e+00 -7.8395533533856065e-01
    7.9380670311929069e-01 -1.3970769048911629e+00
    1.0328189596483526e+00 5.9928755686819879e-01
    -1.4583588085722279e+00 -1.0988997042821200e-01
    -1.6290625077813717e-01 -1.5463609956000428e+00
    4.5599796318356346e-02 2.3056553111691205e-02
    -1.5559716308054528e+00 5.6708332578171561e-01
    2.7457100489358088e-01 -1.5058351808812529e+00
    -2.4299362408191502e-01 -2.2683257896823855e-01
    -1.5382101780201387e+00 -7.1076761830148938e-01
    8.2588925239775979e-01 -1.4377320655899204e+00</data></rvecs>
<tvecs type_id="opencv-matrix">
  <rows>8</rows>
  <cols>1</cols>
  <dt>"3d"</dt>
  <data>
    -4.4470871137900669e+00 2.3743105941945037e+00
    9.3939615160442553e+00 1.3840479823850986e+00 1.9298402994568586e+00
    1.0436891709666948e+01 -4.5605054506610641e+00
    -3.7985183016384614e+00 8.4904069397067516e+00
    -4.9958927406015246e+00 2.4907670421168211e+00
    8.0667215255370905e+00 -4.1351570799952890e+00
    1.8826954558402038e+00 4.2673319337909792e+00
    -4.8036756581124989e+00 -1.8460516841012775e-01
    5.5055608010692438e+00 -3.9023955816207332e+00
    2.5398139248495704e+00 3.8970492610840748e+00
    -2.7219388322007032e-01 1.8648779769646493e+00
    8.7444215348553893e+00</data></tvecs>
<frame_size>
  224 224</frame_size>
</opencv_storage>
